<Body name="Body_Left_Palm">
	<Mass type="custom">
		<Translation>-0.000123302 0.003029044 -0.060093031</Translation>
		<total>0.384010339</total>
		<inertia>-0.003602344 -0.000150037 -0.001589843 -0.000150037 -0.000567140 0.000325223 -0.001589843 0.000325223 -0.000150037</inertia>
	</Mass>
</Body>
<Body name="Body_LWP">
	<Mass type="custom">
		<Translation>0.000000000 0.000000000 0.000000000</Translation>
		<total>0.003017047</total>
		<inertia>0.000000032 0.000000000 0.000000000 0.000000000 0.000000064 0.000000000 0.000000000 0.000000000 0.000000000</inertia>
	</Mass>
</Body>
<Body name="Body_LWY">
	<Mass type="custom">
		<Translation>-0.003372725 -0.000033462 -0.039374046</Translation>
		<total>0.278223950</total>
		<inertia>0.000458115 -0.000000401 -0.000015682 -0.000000401 0.000200816 0.000000059 -0.000015682 0.000000059 -0.000000401</inertia>
	</Mass>
</Body>
<Body name="Body_LEP">
	<Mass type="custom">
		<Translation>-0.013771295 -0.006562470 -0.019735321</Translation>
		<total>0.090349046</total>
		<inertia>0.000067021 -0.000002584 -0.000013385 -0.000002584 0.000077705 -0.000004623 -0.000013385 -0.000004623 -0.000002584</inertia>
	</Mass>
</Body>
<Body name="Body_LSY">
	<Mass type="custom">
		<Translation>0.007506423 -0.001888922 -0.089712642</Translation>
		<total>1.407493330</total>
		<inertia>0.004747016 -0.000156016 0.000828753 -0.000156016 0.000149840 -0.000254437 0.000828753 -0.000254437 -0.000156016</inertia>
	</Mass>
</Body>
<Body name="Body_LSR">
	<Mass type="custom">
		<Translation>-0.032544374 -0.002402058 -0.004360644</Translation>
		<total>0.348180156</total>
		<inertia>0.000273479 0.000007678 0.000009906 0.000007678 0.000216759 -0.000010681 0.000009906 -0.000010681 0.000007678</inertia>
	</Mass>
</Body>
<Body name="Body_LSP">
	<Mass type="custom">
		<Translation>0.017375862 0.056462706 -0.000002143</Translation>
		<total>0.696196989</total>
		<inertia>0.000915048 -0.000172338 -0.000000272 -0.000172338 0.001287655 -0.000000272 -0.000000272 -0.000000272 -0.000172338</inertia>
	</Mass>
</Body>
<Body name="Body_LAR">
	<Mass type="custom">
		<Translation>-0.043321613 0.001919520 -0.055938224</Translation>
		<total>0.525134235</total>
		<inertia>0.001299926 -0.000003599 -0.000096266 -0.000003599 0.002753586 0.000026851 -0.000096266 0.000026851 -0.000003599</inertia>
	</Mass>
</Body>
<Body name="Body_LAP">
	<Mass type="custom">
		<Translation>0.019150497 -0.042957865 0.009380757</Translation>
		<total>1.674918070</total>
		<inertia>0.002342287 0.000114531 0.000316185 0.000114531 0.002846142 0.000107388 0.000316185 0.000107388 0.000114531</inertia>
	</Mass>
</Body>
<Body name="Body_LHR">
	<Mass type="custom">
		<Translation>0.013849443 0.010901509 -0.011973269</Translation>
		<total>2.644641101</total>
		<inertia>0.004385578 0.000224243 -0.000447015 0.000224243 0.004398642 -0.000377898 -0.000447015 -0.000377898 0.000224243</inertia>
	</Mass>
</Body>
<Body name="Body_LHY">
	<Mass type="custom">
		<Translation>0.006789681 0.000063656 -0.053769264</Translation>
		<total>0.483118742</total>
		<inertia>0.000863427 0.000001238 0.000042545 0.000001238 0.001473105 0.000000627 0.000042545 0.000000627 0.000001238</inertia>
	</Mass>
</Body>
<Body name="Body_LHP">
	<Mass type="custom">
		<Translation>0.019867805 0.058794402 -0.188774904</Translation>
		<total>3.098799394</total>
		<inertia>0.036844807 0.000255530 -0.000624748 0.000255530 0.009238020 0.000952212 -0.000624748 0.000952212 0.000255530</inertia>
	</Mass>
</Body>
<Body name="Body_LKP">
	<Mass type="custom">
		<Translation>0.018120466 -0.013914964 -0.152406046</Translation>
		<total>1.559604102</total>
		<inertia>0.022011968 0.000117575 -0.000867941 0.000117575 0.005045442 0.002037181 -0.000867941 0.002037181 0.000117575</inertia>
	</Mass>
</Body>
<Body name="Body_Hip">
	<Mass type="custom">
		<Translation>-0.011804276 -0.000018681 -0.044394816</Translation>
		<total>4.436339231</total>
		<inertia>0.022766841 0.000053624 -0.000164219 0.000053624 0.026610520 -0.000010039 -0.000164219 -0.000010039 0.000053624</inertia>
	</Mass>
</Body>
<Body name="Body_Torso">
	<Mass type="custom">
		<Translation>-0.005494756 -0.000506882 -0.048924021</Translation>
		<total>7.957477863</total>
		<inertia>0.083564229 -0.000067976 0.002493728 -0.000067976 0.075754072 -0.001207207 0.002493728 -0.001207207 -0.000067976</inertia>
	</Mass>
</Body>
