<!-- Exported at: 10/6/2012 6:01:17 PM -->

<kinbody name="huboplus_kinbody">
    <modelsdir>models</modelsdir>
    <body name="Body_Torso" type="dynamic">

        <geom type="trimesh">
            <donotrender>Body_Torso_1.wrl 1 </donotrender>
            <data>convhull_Torso_1.wrl 1 </data>
        </geom>
        <geom type="trimesh">
            <donotrender>Body_Torso_2.wrl 1 </donotrender>
            <data>convhull_Torso_2.wrl 1 </data>
        </geom>
        <geom type="cylinder">
            <rotationaxis>1 0 0 90</rotationaxis>
            <translation>0 0 .06</translation>
            <radius>.05</radius>
            <height>.12</height>
        </geom>
        <mass type="custom">
            <total>7.503338799400</total>
            <inertia>
                0.102019217897 0.000024546177 0.007130222433
                0.000024546177 0.083272393713 -0.001317325511
                0.007130222433 -0.001317325511 0.086493014809
            </inertia>
        </mass>
    </body>

    <body name="Body_Hip" type="dynamic">
        <offsetfrom>Body_Torso</offsetfrom>
        <!--Body_Hip Parent to Current -->
        <translation>0.000008061790 -0.000013409641 -0.201255614828</translation>
        <geom type="trimesh">
            <donotrender>Body_Hip_1.wrl 1 </donotrender>
            <data>convhull_Hip_1.wrl 1 </data>
        </geom>
        <mass type="custom">
            <com>-0.012258116293 -0.002473149928 -0.048635606065</com>
            <total>3.417193968804</total>
            <inertia>
                0.018034853826 0.000031753060 -0.000513489041
                0.000031753060 0.009123817212 -0.000069061669
                -0.000513489041 -0.000069061669 0.022051361197
            </inertia>
        </mass>
    </body>

    <Joint name="TSY" type="hinge">
        <body>Body_Torso</body>
        <body>Body_Hip</body>
        <offsetfrom>Body_Hip</offsetfrom>
        <axis>0 0 -1</axis>
        <limitsdeg>-179.999 179.999</limitsdeg>
		<maxvel>7.20</maxvel>
		<maxtorque>71</maxtorque>
    </Joint>

    <body name="Body_RHY" type="dynamic">
        <offsetfrom>Body_Hip</offsetfrom>
        <!--Body_RHY Parent to Current -->
        <translation>0.000125136311 -0.088499911702 -0.076468866947</translation>
        <geom type="trimesh">
            <donotrender>Body_RHY_1.wrl 1 </donotrender>
            <data>convhull_RHY_1.wrl 1 </data>
        </geom>
        <geom type="trimesh">
            <donotrender>Body_RHY_2.wrl 1 </donotrender>
            <data>convhull_RHY_2.wrl 1 </data>
        </geom>
        <mass type="custom">
            <com>0.034706500276 -0.000037480007 -0.072615273181</com>
            <total>0.826125012988</total>
            <inertia>
                0.001518175906 -0.000002135861 0.000434128327
                -0.000002135861 0.002863333718 0.000000157525
                0.000434128327 0.000000157525 0.002114373967
            </inertia>
        </mass>
    </body>

    <Joint name="RHY" type="hinge">
        <body>Body_Hip</body>
        <body>Body_RHY</body>
        <offsetfrom>Body_RHY</offsetfrom>
        <axis>0 0 1</axis>
        <limitsdeg>-90 90</limitsdeg>
		<maxvel>7.20</maxvel>
		<maxtorque>71</maxtorque>
    </Joint>

    <body name="Body_LHY" type="dynamic">
        <offsetfrom>Body_Hip</offsetfrom>
        <!--Body_LHY Parent to Current -->
        <translation>0.000000000000 0.088499911702 -0.076468866947</translation>

        <geom type="trimesh">
            <donotrender>Body_LHY_1.wrl 1 </donotrender>
            <data>convhull_LHY_1.wrl 1 </data>
        </geom>
        <geom type="trimesh">
            <donotrender>Body_LHY_2.wrl 1 </donotrender>
            <data>convhull_LHY_2.wrl 1 </data>
        </geom>
        <mass type="custom">
            <com>0.034706500276 0.000037480007 -0.072615273181</com>
            <total>0.826125012988</total>
            <inertia>
                0.001518175906 0.000002135861 0.000434128327
                0.000002135861 0.002863333718 -0.000000157525
                0.000434128327 -0.000000157525 0.002114373967
            </inertia>
        </mass>
    </body>

    <Joint name="LHY" type="hinge">
        <body>Body_Hip</body>
        <body>Body_LHY</body>
        <offsetfrom>Body_LHY</offsetfrom>
        <axis>0 0 1</axis>
        <limitsdeg>-90 90</limitsdeg>
		<maxvel>7.20</maxvel>
		<maxtorque>71</maxtorque>
    </Joint>

    <body name="Body_RHR" type="dynamic">
        <offsetfrom>Body_RHY</offsetfrom>
        <!--Body_RHR Parent to Current -->
        <translation>0.052 0.000000000000 -0.091004024142</translation>
        <geom type="trimesh">
            <donotrender>Body_RHR_1.wrl 1 </donotrender>
            <data>convhull_RHR_1.wrl 1 </data>
        </geom>
        <mass type="custom">
        <com>-0.049747912596 -0.012531116599 -0.015643664572</com>
            <total>1.932656684780</total>
            <inertia>
                0.004034872008 -0.000079452031 -0.000125342881
                -0.000079452031 0.003327066518 0.000551964047
                -0.000125342881 0.000551964047 0.003171733387
            </inertia>
        </mass>
    </body>

    <Joint name="RHR" type="hinge">
        <body>Body_RHY</body>
        <body>Body_RHR</body>
        <offsetfrom>Body_RHR</offsetfrom>
        <axis>1 0 0</axis>
        <limitsdeg>-28 28</limitsdeg>
		<maxvel>3.56</maxvel>
		<maxtorque>95</maxtorque>
    </Joint>

    <body name="Body_LHR" type="dynamic">
        <offsetfrom>Body_LHY</offsetfrom>
        <translation>0.052900000000 0.000000000000 -0.091004024142</translation>
        <geom type="trimesh">
            <donotrender>Body_LHR_1.wrl 1 </donotrender>
            <data>convhull_LHR_1.wrl 1 </data>
        </geom>
        <mass type="custom">
        <com>-0.049747912596 0.012531116599 -0.015643664572</com>
            <total>1.932656684780</total>
            <inertia>
                0.004034872008 0.000079452031 -0.000125342881
                0.000079452031 0.003327066518 -0.000551964047
                -0.000125342881 -0.000551964047 0.003171733387
            </inertia>
        </mass>
    </body>

    <Joint name="LHR" type="hinge">
        <body>Body_LHY</body>
        <body>Body_LHR</body>
        <offsetfrom>Body_LHR</offsetfrom>
        <axis>1 0 0</axis>
        <limits>-0.541052068118 0.541052068118</limits>
		<maxvel>3.56</maxvel>
		<maxtorque>95</maxtorque>
    </Joint>

    <body name="Body_RHP" type="dynamic">
        <offsetfrom>Body_RHR</offsetfrom>
        <!--Body_RHP Parent to Current -->
        <translation>-0.052 -0.065574802280 0.000000000000</translation>
        <geom type="trimesh">
            <donotrender>Body_RHP_1.wrl 1 </donotrender>
            <data>convhull_RHP_1.wrl 1 </data>
        </geom>
        <geom type="trimesh">
            <donotrender>Body_RHP_2.wrl 1 </donotrender>
            <data>convhull_RHP_2.wrl 1 </data>
        </geom>
        <mass type="custom">
        <com>0.019504891350 0.059577480789 -0.175201757627</com>
            <total>2.820095294731</total>
            <inertia>
                0.029510226255 -0.000184398776 -0.000370291227
                -0.000184398776 0.027377052037 -0.000656580164
                -0.000370291227 -0.000656580164 0.008380352842
            </inertia>
        </mass>
    </body>

    <Joint name="RHP" type="hinge">
        <body>Body_RHR</body>
        <body>Body_RHP</body>
        <offsetfrom>Body_RHP</offsetfrom>
        <axis>0 1 0</axis>
        <limits>-1.91986217719 1.91986217719</limits>
		<maxvel>9.00</maxvel>
		<maxtorque>95</maxtorque>
    </Joint>

    <body name="Body_LHP" type="dynamic">
        <offsetfrom>Body_LHR</offsetfrom>
        <translation>-0.052900000000 0.065574802280 0.000000000000</translation>
        <geom type="trimesh">
            <donotrender>Body_LHP_1.wrl 1 </donotrender>
            <data>convhull_LHP_1.wrl 1 </data>
        </geom>
        <geom type="trimesh">
            <donotrender>Body_LHP_2.wrl 1 </donotrender>
            <data>convhull_LHP_2.wrl 1 </data>
        </geom>
        <mass type="custom">
        <com>0.019504891350 -0.059577480789 -0.175201757627</com>
            <total>2.820095294731</total>
            <inertia>
                0.029510226255 0.000184398776 -0.000370291227
                0.000184398776 0.027377052037 0.000656580164
                -0.000370291227 0.000656580164 0.008380352842
            </inertia>
        </mass>
    </body>

    <Joint name="LHP" type="hinge">
        <body>Body_LHR</body>
        <body>Body_LHP</body>
        <offsetfrom>Body_LHP</offsetfrom>
        <axis>0 1 0</axis>
        <limits>-1.91986217719 1.91986217719</limits>
		<maxvel>9.00</maxvel>
		<maxtorque>95</maxtorque>
    </Joint>

    <body name="Body_RKP" type="dynamic">
        <offsetfrom>Body_RHP</offsetfrom>
        <translation>0.000000000000 0.044501126334 -0.280007115188</translation>
        <geom type="trimesh">
            <donotrender>Body_RKP_1.wrl 1 </donotrender>
            <data>convhull_RKP_1.wrl 1 </data>
        </geom>
        <geom type="trimesh">
            <donotrender>Body_RKP_2.wrl 1 </donotrender>
            <data>convhull_RKP_2.wrl 1 </data>
        </geom>
        <mass type="custom">
        <com>0.012825433376 0.007275670525 -0.171431348038</com>
            <total>1.809116607048</total>
            <inertia>
                0.023215644043 -0.000251648144 -0.001293430587
                -0.000251648144 0.020834230825 -0.002780676346
                -0.001293430587 -0.002780676346 0.005920398408
            </inertia>
        </mass>
    </body>

    <Joint name="RKP" type="hinge">
        <body>Body_RHP</body>
        <body>Body_RKP</body>
        <offsetfrom>Body_RKP</offsetfrom>
        <axis>0 1 0</axis>
        <limitsdeg>-4 149</limitsdeg>
		<maxvel>9.00</maxvel>
		<maxtorque>95</maxtorque>
    </Joint>

    <body name="Body_LKP" type="dynamic">
        <offsetfrom>Body_LHP</offsetfrom>
        <translation>0.000000000 -0.044501126334 -0.280007115188</translation>
        <geom type="trimesh">
            <donotrender>Body_LKP_1.wrl 1 </donotrender>
            <data>convhull_LKP_1.wrl 1 </data>
        </geom>
        <geom type="trimesh">
            <donotrender>Body_LKP_2.wrl 1 </donotrender>
            <data>convhull_LKP_2.wrl 1 </data>
        </geom>
        <mass type="custom">
        <com>0.012825433376 -0.007275670525 -0.171431348038</com>
            <total>1.809116607048</total>
            <inertia>
                0.023215644043 0.000251648144 -0.001293430587
                0.000251648144 0.020834230825 0.002780676346
                -0.001293430587 0.002780676346 0.005920398408
            </inertia>
        </mass>
    </body>

    <Joint name="LKP" type="hinge">
        <body>Body_LHP</body>
        <body>Body_LKP</body>
        <offsetfrom>Body_LKP</offsetfrom>
        <axis>0 1 0</axis>
        <limitsdeg>-4 149</limitsdeg>
		<maxvel>9.00</maxvel>
		<maxtorque>95</maxtorque>
    </Joint>

    <body name="Body_RAP" type="dynamic">
        <offsetfrom>Body_RKP</offsetfrom>
        <!--Body_RAP Parent to Current -->
        <translation>0.000000000000 -0.024755498428 -0.279942484641</translation>
        <geom type="trimesh">
            <donotrender>Body_RAP_1.wrl 1 </donotrender>
            <data>convhull_RAP_1.wrl 1 </data>
        </geom>
        <mass type="custom">
        <com>0.019870246084 0.045969255056 0.011506941050</com>
            <total>1.635010626057</total>
            <inertia>
                0.002316586138 -0.000018740179 0.000369899000
                -0.000018740179 0.003304106079 -0.000063815303
                0.000369899000 -0.000063815303 0.002794946081
            </inertia>
        </mass>
    </body>

    <Joint name="RAP" type="hinge">
        <body>Body_RKP</body>
        <body>Body_RAP</body>
        <offsetfrom>Body_RAP</offsetfrom>
        <axis>0 1 0</axis>
        <limitsdeg>-74 97</limitsdeg>
		<maxvel>18.00</maxvel>
		<maxtorque>71</maxtorque>
    </Joint>

    <body name="Body_LAP" type="dynamic">
        <offsetfrom>Body_LKP</offsetfrom>
        <translation>0 0.024755498428 -0.279942484641</translation>
        <geom type="trimesh">
            <donotrender>Body_LAP_1.wrl 1 </donotrender>
            <data>convhull_LAP_1.wrl 1 </data>
        </geom>
        <mass type="custom">
        <com>0.019870246084 -0.045969255056 0.011506941050</com>
            <total>1.635010626057</total>
            <inertia>
                0.002316586138 0.000018740179 0.000369899000
                0.000018740179 0.003304106079 0.000063815303
                0.000369899000 0.000063815303 0.002794946081
            </inertia>
        </mass>
    </body>

    <Joint name="LAP" type="hinge">
        <body>Body_LKP</body>
        <body>Body_LAP</body>
        <offsetfrom>Body_LAP</offsetfrom>
        <axis>0 1 0</axis>
        <limitsdeg>-74 97</limitsdeg>
		<maxvel>18.00</maxvel>
		<maxtorque>71</maxtorque>
    </Joint>

    <body name="Body_RAR" type="dynamic">
        <offsetfrom>Body_RAP</offsetfrom>
        <translation>0.071178676740 0.046600593265 0.000000000000</translation>
        <!--Body_RAR Base to Center of Mass -->
        <geom type="trimesh">
            <donotrender>Body_RAR_1.wrl 1 </donotrender>
            <data>convhull_RAR_1.wrl 1 </data>
        </geom>
        <geom type="trimesh">
            <donotrender>Body_RAR_2.wrl 1 </donotrender>
            <data>convhull_RAR_2.wrl 1 </data>
        </geom>
		
        <mass type="custom">
        <com>-0.051509407797 -0.002163982128 -0.069388069491</com>
            <total>1.003176884538</total>
            <inertia>
                0.002951826559 -0.000032321137 0.000141769152
                -0.000032321137 0.005247924231 -0.000059540355
                0.000141769152 -0.000059540355 0.005168173927
            </inertia>
        </mass>
    </body>

    <Joint name="RAR" type="hinge">
        <body>Body_RAP</body>
        <body>Body_RAR</body>
        <offsetfrom>Body_RAR</offsetfrom>
        <axis>1 0 0</axis>
        <limitsdeg>-11 11</limitsdeg>
		<maxvel>5.70</maxvel>
		<maxtorque>71</maxtorque>
    </Joint>

    <body name="rightFoot" type="dynamic">
        <offsetfrom>Body_RAR</offsetfrom>
        <translation>0 0 -0.102729</translation>
        <translation>0 0 -0.00363</translation>
		<geom type="box">
            <diffusecolor>.3 .3 .3</diffusecolor>
            <translation>-0.051823 -0.005 0.0</translation>
            <translation>0 0 0.00363</translation>
            <extents>0.068674 0.076 0.00363</extents>
		</geom>
		<geom type="box">
            <diffusecolor>.3 .3 .3</diffusecolor>
			<translation>-0.024997 0 0.0</translation>
            <translation>0 0 0.00363</translation>
			<extents>0.0955 0.0434325 0.00363</extents>
		</geom>
		<geom type="box">
            <diffusecolor>.3 .3 .3</diffusecolor>
			<translation>-0.044682 0.0355 0.0</translation>
            <translation>0 0 0.00363</translation>
			<extents>0.0758145 0.0355 0.00363</extents>
		</geom>
		<geom type="box">
            <diffusecolor>.3 .3 .3</diffusecolor>
			<translation>0.023602 -0.033546 0.0</translation>
            <translation>0 0 0.00363</translation>
			<rotationaxis>0 0 1 -55</rotationaxis>
			<extents>0.035 0.0327485 0.00363</extents>
		</geom>
		<geom type="box">
            <diffusecolor>.3 .3 .3</diffusecolor>
			<translation>0.030742 0.028546 0.0</translation>
            <translation>0 0 0.00363</translation>
			<rotationaxis>0 0 1 -35</rotationaxis>
			<extents>0.0240315 0.035 0.00363</extents>
		</geom>
		<geom type="box">
            <diffusecolor>.3 .3 .3</diffusecolor>
			<translation> -0.075749 -0.005 0.0</translation>
            <translation>0 0 0.00363</translation>
			<extents>0.0757485 0.045 0.00363</extents>
		</geom>
		<geom type="cylinder">
            <diffusecolor>.3 .3 .3</diffusecolor>
			<translation>-0.120497 -0.050 0.0</translation>
            <translation>0 0 0.00363</translation>
			<rotationaxis>1 0 0 90</rotationaxis>
			<radius>0.031</radius>
			<height>0.00726</height>
		</geom>
		<geom type="cylinder">
            <diffusecolor>.3 .3 .3</diffusecolor>
			<translation>-0.120497 0.040 0.0</translation>
            <translation>0 0 0.00363</translation>
			<rotationaxis>1 0 0 90</rotationaxis>
			<radius>0.031</radius>
			<height>0.00726</height>
        </geom>
        <mass type="mimicgeom">
            <total>0.203176884538</total>
        </mass>
    </body>

    <joint name="RAR_dummy" type="hinge" enable="false">
        <Body>Body_RAR</Body>
        <Body>rightFoot</Body>
        <offsetfrom>Body_RAR</offsetfrom>
        <anchor>-0.0705 0 -0.0645</anchor>
        <limits>0 0</limits>
    </joint>

    <body name="Body_LAR" type="dynamic">
        <offsetfrom>Body_LAP</offsetfrom>
        <translation>0.071178676740 -0.046600593265 0</translation>
        <geom type="trimesh">
            <donotrender>Body_LAR_1.wrl 1 </donotrender>
            <data>convhull_LAR_1.wrl 1 </data>
        </geom>
        <geom type="trimesh">
            <donotrender>Body_LAR_2.wrl 1 </donotrender>
            <data>convhull_LAR_2.wrl 1 </data>
        </geom>
		
        <mass type="custom">
        <com>-0.051509407797 0.002163982128 -0.069388069491</com>
            <total>1.003176884538</total>
            <inertia>
                0.002951826559 0.000032321137 0.000141769152
                0.000032321137 0.005247924231 0.000059540355
                0.000141769152 0.000059540355 0.005168173927
            </inertia>
        </mass>
    </body>

    <Joint name="LAR" type="hinge">
        <body>Body_LAP</body>
        <body>Body_LAR</body>
        <offsetfrom>Body_LAR</offsetfrom>
        <axis>1 0 0</axis>
        <limitsdeg>-11 11</limitsdeg>
		<maxvel>5.70</maxvel>
		<maxtorque>71</maxtorque>
    </Joint>

    <body name="leftFoot" type="dynamic">
        <offsetfrom>Body_LAR</offsetfrom> 
        <!--Projects down from COM, somewhat forward of foot center-->
        <translation>0 0 -0.102729</translation>
        <translation>0 0 -0.00363</translation>
		<geom type="box">
            <diffusecolor>.3 .3 .3</diffusecolor>
			<translation>-0.051823 0.005 0.0</translation>
            <translation>0 0 0.00363</translation>
			<extents>0.068674 0.076 0.00363</extents>
		</geom>
		<geom type="box">
            <diffusecolor>.3 .3 .3</diffusecolor>
			<translation>-0.024997 0 0.0</translation>
            <translation>0 0 0.00363</translation>
			<extents>0.0955 0.0434325 0.00363</extents>
		</geom>
		<geom type="box">
            <diffusecolor>.3 .3 .3</diffusecolor>
			<translation>-0.044682 -0.0355 0.0</translation>
            <translation>0 0 0.00363</translation>
			<extents>0.0758145 0.0355 0.00363</extents>
		</geom>
		<geom type="box">
            <diffusecolor>.3 .3 .3</diffusecolor>
			<translation>0.023602 0.033546 0.0</translation>
            <translation>0 0 0.00363</translation>
			<rotationaxis>0 0 1 55</rotationaxis>
			<extents>0.035 0.0327485 0.00363</extents>
		</geom>
		<geom type="box">
            <diffusecolor>.3 .3 .3</diffusecolor>
			<translation>0.030742 -0.028546 0.0</translation>
            <translation>0 0 0.00363</translation>
			<rotationaxis>0 0 1 35</rotationaxis>
			<extents>0.0240315 0.035 0.00363</extents>
		</geom>
		<geom type="box">
            <diffusecolor>.3 .3 .3</diffusecolor>
			<translation> -0.075749 0.005 0.0</translation>
            <translation>0 0 0.00363</translation>
			<extents>0.0757485 0.045 0.00363</extents>
		</geom>
		<geom type="cylinder">
            <diffusecolor>.3 .3 .3</diffusecolor>
			<translation>-0.120497 0.050 0.0</translation>
            <translation>0 0 0.00363</translation>
			<rotationaxis>1 0 0 90</rotationaxis>
			<radius>0.031</radius>
			<height>0.00726</height>
		</geom>
		<geom type="cylinder">
            <diffusecolor>.3 .3 .3</diffusecolor>
			<translation>-0.120497 -0.040 0.0</translation>
            <translation>0 0 0.00363</translation>
			<rotationaxis>1 0 0 90</rotationaxis>
			<radius>0.031</radius>
			<height>0.00726</height>
		</geom>
        <mass type="mimicgeom">
            <total>0.203176884538</total>
        </mass>
    </body>

    <joint name="LAR_dummy" type="hinge" enable="false">
        <!-- TODO align anchor to physics FT sensor location-->
        <Body>Body_LAR</Body>
        <Body>leftFoot</Body>
        <offsetfrom>Body_LAR</offsetfrom>
        <anchor>-0.0705 0 -0.0645</anchor>
        <limits>0 0</limits>
    </joint>

    <body name="Body_RSP" type="dynamic">
        <offsetfrom>Body_Torso</offsetfrom>
        <translation>0.000000000000 -0.141500022154 0.000000000000</translation>
        <geom type="trimesh">
            <donotrender>Body_RSP_1.wrl 1 </donotrender>
            <data>convhull_RSP_1.wrl 1 </data>
        </geom>
        <mass type="custom">
        <com>0.016720721524 -0.057040679167 0.000009918731</com>
            <total>0.646654803406</total>
            <inertia>
                0.000893730666 0.000156483989 0.000000498007
                0.000156483989 0.000930159822 -0.000000157095
                0.000000498007 -0.000000157095 0.001243225119
            </inertia>
        </mass>
    </body>

    <Joint name="RSP" type="hinge">
        <body>Body_Torso</body>
        <body>Body_RSP</body>
        <offsetfrom>Body_RSP</offsetfrom>
        <axis>0 1 0</axis>
        <limitsdeg>-169.999 169.999</limitsdeg>
		<maxvel>12.38</maxvel>
		<maxtorque>35</maxtorque>
    </Joint>

    <body name="Body_LSP" type="dynamic">
        <offsetfrom>Body_Torso</offsetfrom>
        <translation>0.000000000000 0.141500022154 0.000000000000</translation>
        <geom type="trimesh">
            <donotrender>Body_LSP_1.wrl 1 </donotrender>
            <data>convhull_LSP_1.wrl 1 </data>
        </geom>
        <mass type="custom">
        <com>0.016720721524 0.057040679167 0.000009918731</com>
            <total>0.646654803406</total>
            <inertia>
                0.000893730666 -0.000156483989 0.000000498007
                -0.000156483989 0.000930159822 0.000000157095
                0.000000498007 0.000000157095 0.001243225119
            </inertia>
        </mass>
    </body>

    <Joint name="LSP" type="hinge">
        <body>Body_Torso</body>
        <body>Body_LSP</body>
        <offsetfrom>Body_LSP</offsetfrom>
        <axis>0 1 0</axis>
        <limitsdeg>-169.999 169.999</limitsdeg>
		<maxvel>12.38</maxvel>
		<maxtorque>35</maxtorque>
    </Joint>

    <body name="Body_RSR" type="dynamic">
        <offsetfrom>Body_RSP</offsetfrom>
        <translation>0.026900000000 -0.072000000000 0.000000000000</translation>
        <geom type="trimesh">
            <donotrender>Body_RSR_1.wrl 1 </donotrender>
            <data>convhull_RSR_1.wrl 1 </data>
        </geom>
        <mass type="custom">
        <com>-0.036207973807 0.000083124345 -0.001266848323</com>
            <total>0.413367772877</total>
            <inertia>
                0.000269283340 -0.000000452571 0.000003236618
                -0.000000452571 0.000376789510 -0.000000993935
                0.000003236618 -0.000000993935 0.000360354691
            </inertia>
        </mass>
    </body>

    <Joint name="RSR" type="hinge">
        <body>Body_RSP</body>
        <body>Body_RSR</body>
        <offsetfrom>Body_RSR</offsetfrom>
        <axis>1 0 0</axis>
        <initial>0.2617993877991494</initial>
        <limitsdeg>-150 34</limitsdeg>
		<maxvel>18.00</maxvel>
		<maxtorque>35</maxtorque>
    </Joint>

    <body name="Body_LSR" type="dynamic">
        <offsetfrom>Body_LSP</offsetfrom>
        <translation>0.026900000000 0.072000000000 0.000000000000</translation>
        <geom type="trimesh">
            <donotrender>Body_LSR_1.wrl 1 </donotrender>
            <data>convhull_LSR_1.wrl 1 </data>
        </geom>
        <mass type="custom">
        <com>-0.036207973807 -0.000083124345 -0.001266848323</com>
            <total>0.413367772877</total>
            <inertia>
                0.000269283340 0.000000452571 0.000003236618
                0.000000452571 0.000376789510 0.000000993935
                0.000003236618 0.000000993935 0.000360354691
            </inertia>
        </mass>
    </body>

    <Joint name="LSR" type="hinge">
        <body>Body_LSP</body>
        <body>Body_LSR</body>
        <offsetfrom>Body_LSR</offsetfrom>
        <axis>1 0 0</axis>
        <initial>-0.2617993877991494</initial>
        <limitsdeg>-34 150</limitsdeg>
		<maxvel>18.00</maxvel>
		<maxtorque>35</maxtorque>
    </Joint>

    <body name="Body_RSY" type="dynamic">
        <offsetfrom>Body_RSR</offsetfrom>
        <translation>-0.026900000000 0.000000000000 -0.024500000000</translation>
        <geom type="trimesh">
            <donotrender>Body_RSY_1.wrl 1 </donotrender>
            <data>convhull_RSY_1.wrl 1 </data>
        </geom>
        <geom type="trimesh">
            <donotrender>Body_RSY_2.wrl 1 </donotrender>
            <data>convhull_RSY_2.wrl 1 </data>
        </geom>
        <mass type="custom">
        <com>0.004561211264 -0.000031057603 -0.090782377537</com>
            <total>1.154608561577</total>
            <inertia>
                0.003665788538 -0.000002054362 0.000418448220
                -0.000002054362 0.003647313707 0.000030964786
                0.000418448220 0.000030964786 0.000606330376
            </inertia>
        </mass>
    </body>

    <Joint name="RSY" type="hinge">
        <body>Body_RSR</body>
        <body>Body_RSY</body>
        <offsetfrom>Body_RSY</offsetfrom>
        <axis>0 0 1</axis>
        <limitsdeg>-169.999 169.999</limitsdeg>
		<maxvel>18.00</maxvel>
		<maxtorque>25</maxtorque>
    </Joint>

    <body name="Body_LSY" type="dynamic">
        <offsetfrom>Body_LSR</offsetfrom>
        <translation>-0.026900000000 0.000000000000 -0.024500000000</translation>
        <geom type="trimesh">
            <donotrender>Body_LSY_1.wrl 1 </donotrender>
            <data>convhull_LSY_1.wrl 1 </data>
        </geom>
        <geom type="trimesh">
            <donotrender>Body_LSY_2.wrl 1 </donotrender>
            <data>convhull_LSY_2.wrl 1 </data>
        </geom>
        <mass type="custom">
        <com>0.004561211264 0.000031057603 -0.090782377537</com>
            <total>1.154608561577</total>
            <inertia>
                0.003654788538 0.000002054362 0.000418448220
                0.000002054362 0.003647313707 -0.000030964786
                0.000418448220 -0.000030964786 0.000606330376
            </inertia>
        </mass>
    </body>

    <Joint name="LSY" type="hinge">
        <body>Body_LSR</body>
        <body>Body_LSY</body>
        <offsetfrom>Body_LSY</offsetfrom>
        <axis>0 0 1</axis>
        <limitsdeg>-169.999 169.999</limitsdeg>
		<maxvel>18.00</maxvel>
		<maxtorque>25</maxtorque>
    </Joint>

    <body name="Body_REP" type="dynamic">
        <offsetfrom>Body_RSY</offsetfrom>
        <translation>0.021993590404 0.018000000001 -0.157504553055</translation>

        <geom type="trimesh">
            <donotrender>Body_REP_1.wrl 1 </donotrender>
            <data>convhull_REP_1.wrl 1 </data>
        </geom>
        <mass type="custom">
        <com>-0.021734910228 -0.017831394355 -0.061087268246</com>
            <total>0.440940029986</total>
            <inertia>
                0.000502700471 -0.000003645865 -0.000014138784
                -0.000003645865 0.000494150112 -0.000007655278
                -0.000014138784 -0.000007655278 0.000131786442
            </inertia>
        </mass>
    </body>

    <Joint name="REP" type="hinge">
        <body>Body_RSY</body>
        <body>Body_REP</body>
        <offsetfrom>Body_REP</offsetfrom>
        <axis>0 1 0</axis>
        <initial>0.17453292519943295</initial>
        <limitsdeg>-133 14</limitsdeg>
		<maxvel>15.00</maxvel>
		<maxtorque>25</maxtorque>
    </Joint>

    <body name="Body_LEP" type="dynamic">
        <offsetfrom>Body_LSY</offsetfrom>
        <translation>0.021993590404 -0.018000000001 -0.157504553055</translation>
        <geom type="trimesh">
            <donotrender>Body_LEP_1.wrl 1 </donotrender>
            <data>convhull_LEP_1.wrl 1 </data>
        </geom>
        <mass type="custom">
        <com>-0.021734910228 0.017831394355 -0.061087268246</com>
            <total>0.440940029986</total>
            <inertia>
                0.000502700471 0.000003645865 -0.000014138784
                0.000003645865 0.000494150112 0.000007655278
                -0.000014138784 0.000007655278 0.000131786442
            </inertia>
        </mass>
    </body>

    <Joint name="LEP" type="hinge">
        <body>Body_LSY</body>
        <body>Body_LEP</body>
        <offsetfrom>Body_LEP</offsetfrom>
        <axis>0 1 0</axis>
        <initial>0.17453292519943295</initial>
        <limitsdeg>-133 14</limitsdeg>
		<maxvel>15.00</maxvel>
		<maxtorque>25</maxtorque>
    </Joint>

    <body name="Body_RWY" type="dynamic">
        <offsetfrom>Body_REP</offsetfrom>
        <translation>-0.021993590404 -0.018000000001 -0.111408057359</translation>
        <geom type="trimesh">
            <donotrender>Body_RWY_1.wrl 1 </donotrender>
            <data>convhull_RWY_1.wrl 1 </data>
        </geom>
        <geom type="trimesh">
            <donotrender>Body_RWY_2.wrl 1 </donotrender>
            <data>convhull_RWY_2.wrl 1 </data>
        </geom>
        <mass type="custom">
        <com>-0.001220192079 -0.000635233335 -0.023804318643</com>
            <total>0.537738149550</total>
            <inertia>
                0.000634569731 0.000000462486 0.000006206816
                0.000000462486 0.000563917510 -0.000035404433
                0.000006206816 -0.000035404433 0.000305422235
            </inertia>
        </mass>
    </body>

    <Joint name="RWY" type="hinge">
        <body>Body_REP</body>
        <body>Body_RWY</body>
        <offsetfrom>Body_RWY</offsetfrom>
        <axis>0 0 1</axis>
        <limitsdeg>-169.999 169.999</limitsdeg>
		<maxvel>18.00</maxvel>
		<maxtorque>9</maxtorque>
    </Joint>

    <body name="Body_LWY" type="dynamic">
        <offsetfrom>Body_LEP</offsetfrom>
        <translation>-0.021993590404 0.018000000001 -0.111408057359</translation>
        <geom type="trimesh">
            <donotrender>Body_LWY_1.wrl 1 </donotrender>
            <data>convhull_LWY_1.wrl 1 </data>
        </geom>
        <geom type="trimesh">
            <donotrender>Body_LWY_2.wrl 1 </donotrender>
            <data>convhull_LWY_2.wrl 1 </data>
        </geom>
        <mass type="custom">
        <com>-0.001220192079 0.000635233335 -0.023804318643</com>
            <total>0.537738149550</total>
            <inertia>
                0.000634569731 -0.000000462486 0.000006206816
                -0.000000462486 0.000563917510 0.000035404433
                0.000006206816 0.000035404433 0.000305422235
            </inertia>
        </mass>
    </body>

    <Joint name="LWY" type="hinge">
        <body>Body_LEP</body>
        <body>Body_LWY</body>
        <offsetfrom>Body_LWY</offsetfrom>
        <axis>0 0 1</axis>
        <limitsdeg>-169.999 169.999</limitsdeg>
		<maxvel>18.00</maxvel>
		<maxtorque>9</maxtorque>
    </Joint>

    <body name="Body_RWP" type="dynamic">
        <offsetfrom>Body_RWY</offsetfrom>
        <translation>0.000000000000 0.010000000000 -0.05255</translation>
        <geom type="trimesh">
			<translation>0.001 0 0</translation>
            <donotrender>Body_RWP_1.wrl 1 </donotrender>
            <data>convhull_RWP_1.wrl 1 </data>
        </geom>
		
        <mass type="custom">
        <com>-0.000258199377 -0.011441986656 -0.046147242821</com>
            <total>0.104392998329</total>
            <inertia>
                0.000097432742 0.000000522155 -0.000001173170
                0.000000522155 0.000144494281 -0.000009492703
                -0.000001173170 -0.000009492703 0.000122681345
            </inertia>
        </mass>
    </body>

    <Joint name="RWP" type="hinge">
        <body>Body_RWY</body>
        <body>Body_RWP</body>
        <offsetfrom>Body_RWP</offsetfrom>
        <axis>0 1 0</axis>
        <limitsdeg>-90 90</limitsdeg>
		<maxvel>18.00</maxvel>
		<maxtorque>9</maxtorque>
    </Joint>

    <body name="rightPalm" type="dynamic">
        <offsetfrom>Body_RWP</offsetfrom>
			<translation>0 0.000361 -0.07703</translation>
			<translation>0 0.0007071 -0.0007071</translation>
            <rotationaxis>0 1 0 90</rotationaxis>
            <rotationaxis>1 0 0 -45</rotationaxis>
		<geom type="box">
            <diffusecolor>.3 .3 .3</diffusecolor>
			<extents> 0.0197485 0.002 0.037595</extents>
		</geom>
        <mass type="custom">
            <total>.06</total>
        </mass>
    </body>

    <Joint name="RWP_dummy" type="hinge" enable="false">
        <!-- Fix dummy anchor to parent reference frame-->
        <!-- TODO align anchor to physics FT sensor location-->
        <body>Body_RWP</body>
        <body>rightPalm</body>
        <offsetfrom>rightPalm</offsetfrom>
        <limitsdeg>0 0</limitsdeg>
    </Joint>


    <body name="Body_LWP" type="dynamic">
        <offsetfrom>Body_LWY</offsetfrom>
        <translation>0.000000000000 -0.010000000000 -0.05255</translation>
        <geom type="trimesh">
			<translation>0.001 0 0</translation>
            <donotrender>Body_LWP_1.wrl 1 </donotrender>
            <data>convhull_LWP_1.wrl 1 </data>
        </geom>
		
        <mass type="custom">
            <com>-0.000258199377 0.011441986656 -0.046147242821</com>
            <total>0.104392998329</total>
            <inertia>
                0.000097432742 -0.000000522155 -0.000001173170
                -0.000000522155 0.000144494281 0.000009492703
                -0.000001173170 0.000009492703 0.000122681345
            </inertia>
        </mass>
    </body>

    <Joint name="LWP" type="hinge">
        <body>Body_LWY</body>
        <body>Body_LWP</body>
        <offsetfrom>Body_LWP</offsetfrom>
        <axis>0 1 0</axis>
        <limitsdeg>-94 90</limitsdeg>
		<maxvel>18.00</maxvel>
		<maxtorque>9</maxtorque>
    </Joint>

    <body name="leftPalm" type="dynamic">
        <offsetfrom>Body_LWP</offsetfrom>
			<translation>0 -0.000361 -0.07703</translation>
			<translation>0 -0.0007071 -0.0007071</translation>
            <rotationaxis>0 1 0 90</rotationaxis>
			<rotationaxis>1 0 0 45</rotationaxis>
		<geom type="box">
            <diffusecolor>.3 .3 .3</diffusecolor>
			<extents>0.0197485 0.002 0.037595 </extents>
		</geom>
        <mass type="mimicgeom">
            <total>0.06</total>
        </mass>
    </body>

    <Joint name="LWP_dummy" type="hinge" enable="false">
        <!-- Fix dummy anchor to parent reference frame-->
        <!-- TODO align anchor to physics FT sensor location-->
        <body>Body_LWP</body>
        <body>leftPalm</body>
        <offsetfrom>Body_LWP</offsetfrom>
        <limitsdeg>0 0</limitsdeg>
    </Joint>

    <body name="Body_NK1" type="dynamic">
        <offsetfrom>Body_Torso</offsetfrom>
        <translation>0.000000000000 -0.000020548820 0.148299146751</translation>
        <mass type="custom">
            <total>.1</total>
        </mass>
    </body>

    <Joint name="NK1" type="hinge">
        <body>Body_Torso</body>
        <body>Body_NK1</body>
        <offsetfrom>Body_NK1</offsetfrom>
        <axis>1 1 0</axis>
        <limitsdeg>-30 30</limitsdeg>
		<maxvel>18.00</maxvel>
		<maxtorque>2.7</maxtorque>
    </Joint>

    <body name="Body_NK2" type="dynamic">
        <offsetfrom>Body_NK1</offsetfrom>
        <translation>0.000000000000 0.000000000000 0.000000000000</translation>
        <geom type="trimesh">
            <donotrender>Body_NK2_1.wrl 1 </donotrender>
            <data>convhull_NK2_1.wrl 1 </data>
        </geom>
        <mass type="custom">
        <com>0.010688581590 -0.000030086449 0.032122953618</com>
            <total>0.274250901076</total>
            <inertia>
                0.001640330319 -0.000000108171 -0.000095397797
                -0.000000108171 0.001539427875 0.000001253758
                -0.000095397797 0.000001253758 0.001903925145
            </inertia>
        </mass>
    </body>

    <Joint name="NK2" type="hinge">
        <body>Body_NK1</body>
        <body>Body_NK2</body>
        <offsetfrom>Body_NK2</offsetfrom>
        <axis>-1 1 0</axis>
        <limitsdeg>-30 30</limitsdeg>
		<maxvel>18.00</maxvel>
		<maxtorque>2.7</maxtorque>
    </Joint>

    <!-- Adjacent Bodies -->

    <!-- Torso -->
    <!-- Body_Torso -->
    <adjacent>Body_Torso Body_Hip</adjacent>
    <adjacent>Body_Torso Body_RSP</adjacent>
    <adjacent>Body_Torso Body_LSP</adjacent>
    <adjacent>Body_Torso Body_NK2</adjacent>
    <adjacent>Body_Torso Body_NK1</adjacent>

    <!-- Body_Hip -->
    <adjacent>Body_Hip Body_RHY</adjacent>
    <adjacent>Body_Hip Body_LHY</adjacent>
    <adjacent>Body_Hip Body_RHR</adjacent>
    <adjacent>Body_Hip Body_LHR</adjacent>

    <!-- Right Leg -->
    <!-- Body_RHY -->
    <adjacent>Body_RHY Body_RHR</adjacent>
    <adjacent>Body_RHY Body_RHP</adjacent>

    <!-- Body_RHR -->
    <adjacent>Body_RHR Body_RHP</adjacent>

    <!-- Body_RHP -->
    <adjacent>Body_RHP Body_RKP</adjacent>

    <!-- Body_RKP -->
    <adjacent>Body_RKP Body_RAP</adjacent>
    <adjacent>Body_RKP Body_RAR</adjacent>

    <!-- Body_RAP -->
    <adjacent>Body_RAP Body_RAR</adjacent>

    <!-- Left Leg -->
    <!-- Body_LHY -->
    <adjacent>Body_LHY Body_LHR</adjacent>
    <adjacent>Body_LHY Body_LHP</adjacent>

    <!-- Body_LHR -->
    <adjacent>Body_LHR Body_LHP</adjacent>

    <!-- Body_LHP -->
    <adjacent>Body_LHP Body_LKP</adjacent>

    <!-- Body_LKP -->
    <adjacent>Body_LKP Body_LAP</adjacent>
    <adjacent>Body_LKP Body_LAR</adjacent>

    <!-- Body_LAP -->
    <adjacent>Body_LAP Body_LAR</adjacent>

    <!-- Right Arm -->
    <!-- Body_RSP -->
    <adjacent>Body_RSP Body_RSR</adjacent>

    <!-- Body_RSR -->
    <adjacent>Body_RSR Body_RSY</adjacent>

    <!-- Body_REP -->
    <adjacent>Body_REP Body_RSY</adjacent>

    <!-- Body_RWY -->
    <adjacent>Body_RWY Body_REP</adjacent>

    <!-- Body_RWP -->
    <adjacent>Body_RWP Body_RWY</adjacent>

    <!-- Left Arm --> 
    <!-- Body_LSP -->
    <adjacent>Body_LSP Body_LSR</adjacent>

    <!-- Body_LSR -->
    <adjacent>Body_LSR Body_LSY</adjacent>

    <!-- Body_LEP -->
    <adjacent>Body_LEP Body_LSY</adjacent>

    <!-- Body_LWY -->
    <adjacent>Body_LWY Body_LEP</adjacent>

    <!-- Body_LWP -->
    <adjacent>Body_LWP Body_LWY</adjacent>

    <!-- Head -->
    <!-- Body_NK2 -->
    <adjacent>Body_NK2 Body_NK1</adjacent>
    <adjacent>leftPalm Body_LWP</adjacent>
    <adjacent>rightPalm Body_RWP</adjacent>

    <adjacent>leftFoot Body_LAR</adjacent>
    <adjacent>rightFoot Body_RAR</adjacent>

</kinbody>
