<?xml version="1.0" encoding="utf-8"?>

<KinBody name="rightArm" makejoinedlinksadjacent="true">
    <modelsdir>models</modelsdir>
    <Body name="Torso" type="dynamic"></Body>
	
	<Body name="Body_RSP" type="dynamic">
        <offsetfrom>Torso</offsetfrom>
		<!-- Torso Center of Mass to Base -->
		<Translation>0.010767979237 0.001171538995 0.063585314267</Translation>
		<!-- Torso Base to RSP Base -->
        <Translation>0.000000000000 -0.141500022154 -0.000000010155</Translation>
		<!-- RSP Base to Center of Mass -->
		<Translation>0.019546915289 -0.057448311513 0.000001733653</Translation>
        <Geom type="trimesh">
			<!-- RSP Center of Mass to Base -->
			<Translation>-0.019546915289 0.057448311513 -0.000001733653</Translation>
            <Render>Body_RSP.wrl 1</Render>
        </Geom>
		<Mass type="custom">
			<total>0.542814632782</total>
			<inertia>
				0.000674510105 0.000149479488 0.000000241339
				0.000149479488 0.000577394426 -0.000000243475
				0.000000241339 -0.000000243475 0.000889898909
			</inertia>
		</Mass>
	</Body>
	
	<Joint name="RSP" type="hinge">
        <Body>Torso</Body>
        <Body>Body_RSP</Body>
        <offsetfrom>Body_RSP</offsetfrom>
        <axis>0 1 0</axis>
		<anchor>-0.019546915289 0.057448311513 -0.000001733653</anchor>
        <limitsdeg>-150 150</limitsdeg>
        <maxvel>1</maxvel>
    </Joint>
	
	<Body name="Body_RSR" type="dynamic">
        <offsetfrom>Body_RSP</offsetfrom>
		<!-- RSP Center of Mass to Base -->
		<Translation>-0.019546915289 0.057448311513 -0.000001733653</Translation>
		<!-- RSP Base to RSR Base -->
        <Translation>0.025499994101 -0.072000000000 0.000000000001</Translation>
		<!-- RSR Base to Center of Mass -->
		<Translation>-0.039259293602 -0.000022993734 -0.000493343829</Translation>
        <Geom type="trimesh">
			<!-- RSR Center of Mass to Base -->
			<Translation>0.039259293602 0.000022993734 0.000493343829</Translation>
            <Render>Body_RSR.wrl 1</Render>
        </Geom>
		<Mass type="custom">
			<total>0.332265033470</total>
			<inertia>
				0.000053584609 0.000000156670 0.000002604105
				0.000000156670 0.000210484685 -0.000000162880
				0.000002604105 -0.000000162880 0.000208030084
			</inertia>
		</Mass>
    </Body>
	
	<Joint name="RSR" type="hinge">
        <Body>Body_RSP</Body>
        <Body>Body_RSR</Body>
        <offsetfrom>Body_RSR</offsetfrom>
        <axis>1 0 0</axis>
		<anchor>0.039259293602 0.000022993734 0.000493343829</anchor>
        <limitsdeg>-180 10</limitsdeg>
        <maxvel>1</maxvel>
    </Joint>
	
	<Body name="Body_RSY" type="dynamic">
        <offsetfrom>Body_RSR</offsetfrom>
		<!-- RSR Center of Mass to Base -->
		<Translation>0.039259293602 0.000022993734 0.000493343829</Translation>
		<!-- RSR Base to RSY Base -->
        <Translation>-0.026900000000 0.000000000000 -0.024500000000</Translation>
		<!-- RSY Base to Center of Mass -->
		<Translation>0.005717103923 0.000973273432 -0.089270572302</Translation>
        <Geom type="trimesh">
			<!-- RSY Center of Mass to Base -->
			<Translation>-0.005717103923 -0.000973273432 0.089270572302</Translation>
            <Render>Body_RSY.wrl 1</Render>
        </Geom>
		<Mass type="custom">
			<total>0.995874497311</total>
			<inertia>
				0.003252748488 -0.000002730775 0.000382131280
				-0.000002730775 0.003256784356 0.000046844984
				0.000382131280 0.000046844984 0.000378648901
			</inertia>
		</Mass>
    </Body>
	
    <Joint name="RSY" type="hinge">
        <Body>Body_RSR</Body>
        <Body>Body_RSY</Body>
        <offsetfrom>Body_RSY</offsetfrom>
        <axis>0 0 1</axis>
		<anchor>-0.005717103923 -0.000973273432 0.089270572302</anchor>
        <limitsdeg>-157 157</limitsdeg>
        <maxvel>1</maxvel>
    </Joint>
	
	<Body name="Body_REP" type="dynamic">
        <offsetfrom>Body_RSY</offsetfrom>
		<!-- RSY Center of Mass to Base -->
		<Translation>-0.005717103923 -0.000973273432 0.089270572302</Translation>
		<!-- RSY Base to REP Base -->
        <Translation>0.022000468005 0.018000000001 -0.157499997790</Translation>
		<!-- REP Base to Center of Mass -->
		<Translation>-0.021276081855 -0.017959442762 -0.065058947371</Translation>
        <Geom type="trimesh">
			<!-- REP Center of Mass to Base -->
			<Translation>0.021276081855 0.017959442762 0.065058947371</Translation>
            <Render>Body_REP.wrl 1</Render>
        </Geom>
		<Mass type="custom">
			<total>0.400833002189</total>
			<inertia>
				0.000394709170 -0.000001314528 -0.000018179328
				-0.000001314528 0.000385049691 -0.000002985997
				-0.000018179328 -0.000002985997 0.000080004862
			</inertia>
		</Mass>
    </Body>
	
	<Joint name="REP" type="hinge">
        <Body>Body_RSY</Body>
        <Body>Body_REP</Body>
        <offsetfrom>Body_REP</offsetfrom>
        <axis>0 1 0</axis>
		<anchor>0.021276081855 0.017959442762 0.065058947371</anchor>
        <limitsdeg>-144 20</limitsdeg>
        <maxvel>1</maxvel>
    </Joint>
    <adjacent>Body_RSY Body_REP</adjacent>
	
	<Body name="Body_RWY" type="dynamic">
        <offsetfrom>Body_REP</offsetfrom>
		<!-- REP Center of Mass to Base -->
		<Translation>0.021276081855 0.017959442762 0.065058947371</Translation>
        <!-- REP Base to RWY Base -->
		<Translation>-0.021990624154 -0.018000000000 -0.111408057359</Translation>
		<!-- RWY Base to Center of Mass -->
		<Translation>-0.000043017762 0.000232875770 -0.029039847946</Translation>
        <Geom type="trimesh">
			<!-- RWY Center of Mass to Base -->
			<Translation>0.000043017762 -0.000232875770 0.029039847946</Translation>
            <Render>Body_RWY.wrl 1</Render>
        </Geom>
		<Mass type="custom">
			<total>0.410200020635</total>
			<inertia>
				0.000308733092 -0.000000043078 0.000000169921
				-0.000000043078 0.000252471689 -0.000029643527
				0.000000169921 -0.000029643527 0.000135443575
			</inertia>
		</Mass>
    </Body>
	
    <Joint name="RWY" type="hinge">
        <Body>Body_REP</Body>
        <Body>Body_RWY</Body>
        <offsetfrom>Body_RWY</offsetfrom>
        <axis>0 0 1</axis>
		<anchor>0.000043017762 -0.000232875770 0.029039847946</anchor>
        <limitsdeg>-160 160</limitsdeg>
        <maxvel>1</maxvel>
    </Joint>
	
	<Body name="Body_RWP_placeholder" type="dynamic">
        <offsetfrom>Body_RWY</offsetfrom>
    </Body>
	
    <Joint name="RWP" type="hinge">
        <Body>Body_RWY</Body>
        <Body>Body_RWP_placeholder</Body>
        <offsetfrom>Body_RWP_placeholder</offsetfrom>
        <axis>0 1 0</axis>
        <limitsdeg>-90 90</limitsdeg>
    </Joint>

</KinBody>
