<?xml version="1.0" encoding="utf-8"?>

<KinBody name="KHRLeftHand" makejoinedlinksadjacent="true">
    <Kinbody prefix="leftIndex" name="leftIndexFinger" file="finger.kinbody.xml">
        <translation>0.001673053872 -0.002266301384 0.035188254309</translation>
        <Translation>   0.0182626   0.0331978   -0.0649224  </Translation>
        <rotationmat>
            -0.5000    0.5000   -0.7071
            0.5000   -0.5000   -0.7071
            -0.7071   -0.7071         0
        </rotationmat>
        <Translation>-.005657 -0.005657 0 </Translation>
    </Kinbody>

    <Body name="leftIndexProximal" type="dynamic">
        <offsetfrom>Body_LWP</offsetfrom>
    </Body>

    <Joint name="leftIndexKnuckle1" type="hinge">
        <Body>Body_LWP</Body>
        <Body>leftIndexProximal</Body>
        <offsetfrom>leftIndexProximal</offsetfrom>
        <axis>0 0 1</axis>
        <anchor>-.016 0 0</anchor>
    </Joint>
    <adjacent>Body_LWP leftIndexProximal</adjacent>
    <adjacent>Body_LWP leftIndexMedial</adjacent>

    <Kinbody prefix="leftMiddle" name="leftMiddleFinger" file="finger.kinbody.xml">
        <translation>0.001673053872 -0.002266301384 0.035188254309</translation>
        <Translation>   0.0048514   0.0197866   -0.0649224  </Translation>
        <rotationmat>
            -0.5000    0.5000   -0.7071
            0.5000   -0.5000   -0.7071
            -0.7071   -0.7071         0
        </rotationmat>
        <Translation>-.005657 -0.005657 0 </Translation>
    </Kinbody>

    <Body name="leftMiddleProximal" type="dynamic">
        <offsetfrom>Body_LWP</offsetfrom>
    </Body>

    <Joint name="leftMiddleKnuckle1" type="hinge">
        <Body>Body_LWP</Body>
        <Body>leftMiddleProximal</Body>
        <offsetfrom>leftMiddleProximal</offsetfrom>
        <axis>0 0 1</axis>
        <anchor>-.016 0 0</anchor>
    </Joint>
    <adjacent>Body_LWP leftMiddleProximal</adjacent>
    <adjacent>Body_LWP leftMiddleMedial</adjacent>

    <Kinbody prefix="leftRing" name="leftRingFinger" file="finger.kinbody.xml">
        <translation>0.001673053872 -0.002266301384 0.035188254309</translation>

        <Translation>   -0.0086106  0.0063246   -0.0649224  </Translation>
        <rotationmat>
            -0.5000    0.5000   -0.7071
            0.5000   -0.5000   -0.7071
            -0.7071   -0.7071         0
        </rotationmat>
        <Translation>-.005657 -0.005657 0 </Translation>
    </Kinbody>

    <Body name="leftRingProximal" type="dynamic">
        <offsetfrom>Body_LWP</offsetfrom>
    </Body>

    <Joint name="leftRingKnuckle1" type="hinge">
        <Body>Body_LWP</Body>
        <Body>leftRingProximal</Body>
        <offsetfrom>leftRingProximal</offsetfrom>
        <axis>0 0 1</axis>
        <anchor>-.016 0 0</anchor>
    </Joint>
    <adjacent>Body_LWP leftRingProximal</adjacent>
    <adjacent>Body_LWP leftRingMedial</adjacent>

    <Kinbody prefix="leftPinky" name="leftPinkyFinger" file="finger.kinbody.xml">
        <translation>0.001673053872 -0.002266301384 0.035188254309</translation>
        <Translation>   -0.0220472  -0.007112   -0.0649224  </Translation>
        <rotationmat>
            -0.5000    0.5000   -0.7071
            0.5000   -0.5000   -0.7071
            -0.7071   -0.7071         0
        </rotationmat>
        <Translation>-.005657 -0.005657 0 </Translation>
    </Kinbody>

    <body name="leftPinkyProximal" type="dynamic">
        <offsetfrom>Body_LWP</offsetfrom>
    </body>
    <adjacent>Body_LWP leftPinkyProximal</adjacent>
    <adjacent>Body_LWP leftPinkyMedial</adjacent>

    <Joint name="leftPinkyKnuckle1" type="hinge">
        <Body>Body_LWP</Body>
        <Body>leftPinkyProximal</Body>
        <offsetfrom>leftPinkyProximal</offsetfrom>
        <axis>0 0 1</axis>
        <anchor>-.016 0 0</anchor>
    </Joint>

    <Kinbody prefix="leftThumb" name="leftThumbFinger" file="finger.kinbody.xml">
        <translation>0.001673053872 -0.002266301384 0.035188254309</translation>
        <Translation>   0.0210312   -0.0035306  -0.0369824  </Translation>
        <rotationmat>
            0.5000    0.5000   0.7071
           -0.5000   -0.5000   0.7071
            0.7071   -0.7071   0.0000
        </rotationmat>
        <Translation>.005657 0.005657 0 </Translation>
    </Kinbody>

    <body name="leftThumbProximal" type="dynamic">
        <offsetfrom>Body_LWP</offsetfrom>
    </body>
    <adjacent>Body_LWP leftThumbProximal</adjacent>
    <adjacent>Body_LWP leftThumbMedial</adjacent>

    <Joint name="leftThumbKnuckle1" type="hinge">
        <Body>Body_LWP</Body>
        <Body>leftThumbProximal</Body>
        <offsetfrom>leftThumbProximal</offsetfrom>
        <axis>0 0 1</axis>
        <anchor>-.016 0 0</anchor>
    </Joint>

</KinBody>
