<?xml version="1.0" encoding="utf-8"?>

<KinBody name="leftLeg">
    <modelsdir>../models</modelsdir>
    <Body name="Hip" type="dynamic"/>

    <Body name="leftHip" type="dynamic">
        <offsetfrom>Hip</offsetfrom>

        <Translation>0 0.0885 -0.277953</Translation>
        <Translation>0 0 0.1915</Translation>
        <Translation>0.011804276 0.000018681 0.044394816</Translation>

        <Translation>0.006789681 0.000063656 -0.053769264</Translation>

        <Geom type="trimesh">
            <Translation>-0.006789681 -0.000063656 0.053769264</Translation>
            <Render>Body_LHY.wrl 1</Render>
        </Geom>

        <Mass type="custom">
            <total>0.483118742</total>
            <inertia>0.000863427 0.000001238 0.000042545 0.000001238 0.002029641 0.000000627 0.000042545 0.000000627 0.001473105</inertia>
        </Mass>
    </Body>

    <Joint name="LHY" type="hinge">
        <Body>Hip</Body>
        <Body>leftHip</Body>
        <offsetfrom>leftHip</offsetfrom>
        <anchor>-0.006789681 -0.000063656 0.053769264</anchor>
        <axis>0 0 1</axis>
        <limitsdeg>-50 90</limitsdeg>
    </Joint>
    <adjacent>Hip leftHip</adjacent>

    <Body name="leftHipPitchRoll" type="dynamic">
        <offsetfrom>leftHip</offsetfrom>
        <Translation>-0.006789681 -0.000063656 0.053769264</Translation>
        <Translation>0 0 -.0910</Translation>
        <Translation>0.013849443 0.010901509 -0.011973269</Translation>
        <Geom type="trimesh">
            <Translation>-0.013849443 -0.010901509 0.011973269</Translation>
            <Render>Body_LHR.wrl 1</Render>
        </Geom>

        <Mass type="custom">
            <total>2.644641101</total>
            <inertia>0.004385578 0.000224243 -0.000447015 0.000224243 0.004633453 -0.000377898 -0.000447015 -0.000377898 0.004398642</inertia>
        </Mass>
    </Body>

    <Joint name="LHR" type="hinge">
        <Body>leftHip</Body>
        <Body>leftHipPitchRoll</Body>
        <offsetfrom>leftHipPitchRoll</offsetfrom>
        <anchor>-0.013849443 -0.010901509 0.011973269</anchor>
        <axis>1 0 0</axis>
        <limitsdeg>-30 90</limitsdeg>
    </Joint>
    <adjacent>leftHip leftHipPitchRoll</adjacent>

    <Body name="leftKneeUpper" type="dynamic">
        <offsetfrom>leftHipPitchRoll</offsetfrom>
        <Translation>-0.013849443 -0.010901509 0.011973269</Translation>
        <Translation>0 -0.054 0</Translation>
        <Translation>0.019867805 0.058794402 -0.188774904</Translation>
        <Geom type="trimesh">
            <Translation>-0.019867805 -0.058794402 0.188774904</Translation>
            <Render>Body_LHP.wrl    1</Render>
        </Geom>

        <Mass type="custom">
            <total>3.098799394</total>
            <inertia>0.036844807 0.000255530 -0.000624748 0.000255530 0.034557057 0.000952212 -0.000624748 0.000952212 0.009238020</inertia>
        </Mass>
    </Body>

    <Joint name="LHP" type="hinge">
        <Body>leftHipPitchRoll</Body>
        <Body>leftKneeUpper</Body>
        <offsetfrom>leftKneeUpper</offsetfrom>
        <anchor>-0.019867805 -0.058794402 0.188774904</anchor>
        <axis>0 1 0</axis>
        <limitsdeg>-90 90</limitsdeg>
    </Joint>
    <adjacent>leftHipPitchRoll leftKneeUpper</adjacent>
    <adjacent>leftHip leftKneeUpper</adjacent>

    <Body name="leftKneeLower" type="dynamic">
        <offsetfrom>leftKneeUpper</offsetfrom>
        <Translation>-0.019867805 -0.058794402 0.188774904</Translation>
        <Translation>-.001675 .074999 -.300542</Translation>
        <Translation>0.018120466 -0.013914964 -0.152406046</Translation>
        <Geom type="trimesh">
            <Translation>-0.018120466 0.013914964 0.152406046</Translation>
            <Render>Body_LKP.wrl    1</Render>
        </Geom>

        <Mass type="custom">
            <total>1.559604102</total>
            <inertia>0.022011968 0.000117575 -0.000867941 0.000117575 0.020299002 0.002037181 -0.000867941 0.002037181 0.005045442</inertia>
        </Mass>
    </Body>

    <Joint name="LKP" type="hinge">
        <Body>leftKneeUpper</Body>
        <Body>leftKneeLower</Body>
        <offsetfrom>leftKneeLower</offsetfrom>
        <anchor>-0.018120466 0.013914964 0.152406046</anchor>
        <axis>0 1 0</axis>
        <limitsdeg>-2 120</limitsdeg>
    </Joint>
    <adjacent>leftKneeUpper leftKneeLower</adjacent>

    <Body name="leftAnklePitch" type="dynamic">
        <offsetfrom>leftKneeLower</offsetfrom>
        <Translation>-0.018120466 0.013914964 0.152406046</Translation>
        <Translation>.000045 .024755 -.299942</Translation>
        <Translation>0.019150497 -0.042957865 0.009380757</Translation>
        <Geom type="trimesh">
            <Translation>-0.019150497 0.042957865 -0.009380757</Translation>
            <Render>Body_LAP.wrl    1</Render>
        </Geom>

        <Mass type="custom">
            <total>1.674918070</total>
            <inertia>0.002342287 0.000114531 0.000316185 0.000114531 0.003019600 0.000107388 0.000316185 0.000107388 0.002846142</inertia>
        </Mass>
    </Body>

    <Joint name="LAP" type="hinge">
        <Body>leftKneeLower</Body>
        <Body>leftAnklePitch</Body>
        <offsetfrom>leftAnklePitch</offsetfrom>
        <anchor>-0.019150497 0.042957865 -0.009380757</anchor>
        <axis>0 1 0</axis>
        <limitsdeg>-100 100</limitsdeg>
    </Joint>
    <adjacent>leftKneeLower leftAnklePitch</adjacent>

    <Body name="leftFoot" type="dynamic">
        <offsetfrom>leftAnklePitch</offsetfrom> 
        <Translation>-0.019150497 0.042957865 -0.009380757</Translation>
        <Translation>0.071244 -.0465 -.000016</Translation> 
        <Translation>-0.043321613 0.001919520 -0.055938224</Translation>
        <Geom type="trimesh">
            <Translation>0.043321613 -0.001919520 0.055938224</Translation>
            <Render>Body_LAR.wrl    1</Render>
        </Geom>


        <Mass type="custom">
            <total>0.525134235</total>
            <inertia>0.001299926 -0.000003599 -0.000096266 -0.000003599 0.002701794 0.000026851 -0.000096266 0.000026851 0.002753586</inertia>
        </Mass>
    </Body>

    <Joint name="LAR" type="hinge">
        <Body>leftAnklePitch</Body>
        <Body>leftFoot</Body>
        <offsetfrom>leftFoot</offsetfrom>
        <anchor>0.043321613 -0.001919520 0.055938224</anchor>
        <axis>1 0 0</axis>
        <Weight>1</Weight>
        <limitsdeg>-30 30</limitsdeg>
    </Joint>
    <adjacent>leftAnklePitch leftFoot</adjacent>
    <adjacent>leftKneeLower leftFoot</adjacent>
</KinBody>
