<?xml version="1.0" encoding="utf-8"?>

<KinBody name="rightLeg" makejoinedlinksadjacent="true">
    <modelsdir>../models</modelsdir>

    <Body name="rightFoot" type="dynamic">
            <Translation>-0.043321613 -0.001919520 -0.055938224</Translation>
        <Geom type="trimesh">
            <Translation>0.043321613 0.001919520 0.055938224</Translation>
            <Render>Body_RAR.wrl    1</Render>
            <Data>Body_RAR.wrl    1</Data>
        </Geom>

        <Mass type="custom">
            <total>0.525134235</total>
            <inertia>0.001299926 0.000003599 -0.000096266 0.000003599 0.002701794 -0.000026851 -0.000096266 -0.000026851 0.002753586</inertia>
        </Mass>
    </Body>

    <Body name="rightAnklePitch" type="dynamic">
        <offsetfrom>rightFoot</offsetfrom>
        <Translation>0.043321613 0.001919520 0.055938224</Translation>
        <Translation>-0.071244 -0.0465 0.000016</Translation> 
        <Translation>0.019150497 0.042957865 0.009380757</Translation>
        <Geom type="trimesh">
            <Translation>-0.019150497 -0.042957865 -0.009380757</Translation>
            <Render>Body_RAP.wrl    1</Render>
            <Data>Body_RAP.wrl    1</Data>
        </Geom>

        <Mass type="custom">
            <total>1.674918070</total>
            <inertia>0.002342287 -0.000114531 0.000316185 -0.000114531 0.003019600 -0.000107388 0.000316185 -0.000107388 0.002846142</inertia>
        </Mass>
    </Body>

    <Joint name="RAR" type="hinge">
        <Body>rightAnklePitch</Body>
        <Body>rightFoot</Body>
        <offsetfrom>rightFoot</offsetfrom>
        <anchor>0.043321613 0.001919520 0.055938224</anchor>
        <axis>1 0 0</axis>
        <Weight>1</Weight>
        <limitsdeg>-30 30</limitsdeg>
        <maxvel>1</maxvel>
    </Joint>

    <Body name="rightKneeLower" type="dynamic">
        <offsetfrom>rightAnklePitch</offsetfrom>
        <Translation>-0.019150497 -0.042957865 -0.009380757</Translation>
        <Translation>-0.000045 0.024755 0.299942</Translation>
        <Translation>0.018120466 0.013914964 -0.152406046</Translation>
        <Geom type="trimesh">
            <Translation>-0.018120466 -0.013914964 0.152406046</Translation>
            <Data>Body_RKP.wrl    1</Data>
            <Render>Body_RKP.wrl    1</Render>
        </Geom>

        <Mass type="custom">
            <total>1.559604102</total>
            <inertia>0.022011968 -0.000117575 -0.000867941 -0.000117575 0.020299002 -0.002037181 -0.000867941 -0.002037181 0.005045442</inertia>
        </Mass>
    </Body>

    <Joint name="RAP" type="hinge">
        <Body>rightKneeLower</Body>
        <Body>rightAnklePitch</Body>
        <offsetfrom>rightAnklePitch</offsetfrom>
        <anchor>-0.019150497 -0.042957865 -0.009380757</anchor>
        <axis>0 1 0</axis>
        <limitsdeg>-100 100</limitsdeg>
        <maxvel>1</maxvel>
    </Joint>

    <Body name="rightKneeUpper" type="dynamic">
        <offsetfrom>rightKneeLower</offsetfrom>
        <Translation>-0.018120466 -0.013914964 0.152406046</Translation>
        <Translation>0.001675 0.074999 0.300542</Translation>
        <Translation>0.019867805 -0.058794402 -0.188774904</Translation>
        <Geom type="trimesh">
            <Translation>-0.019867805 0.058794402 0.188774904</Translation>
            <Data>Body_RHP.wrl    1</Data>
            <Render>Body_RHP.wrl    1</Render>
        </Geom>

        <Mass type="custom">
            <total>3.098799394</total>
            <inertia>0.036844807 -0.000255530 -0.000624748 -0.000255530 0.034557057 -0.000952212 -0.000624748 -0.000952212 0.009238020</inertia>
        </Mass>
    </Body>

    <Joint name="RKP" type="hinge">
        <Body>rightKneeUpper</Body>
        <Body>rightKneeLower</Body>
        <offsetfrom>rightKneeLower</offsetfrom>
        <anchor>-0.018120466 -0.013914964 0.152406046</anchor>
        <axis>0 1 0</axis>
        <limitsdeg>-2 120</limitsdeg>
        <maxvel>1</maxvel>
    </Joint>

    <Body name="rightHipPitchRoll" type="dynamic">
        <offsetfrom>rightKneeUpper</offsetfrom>
        <Translation>0.013849443 -0.010901509 -0.011973269</Translation>
        <Translation>0 -0.054 0</Translation>
        <Translation>-0.019867805 0.058794402 0.188774904</Translation>

        <Geom type="trimesh">
            <Translation>-0.013849443 0.010901509 0.011973269</Translation>
            <Render>Body_RHR.wrl 1</Render>
            <Data>Body_RHR.wrl 1</Data>
        </Geom>

        <Mass type="custom">
            <total>2.644641101</total>
            <inertia>0.004385578 -0.000224243 -0.000447015 -0.000224243 0.004633453 0.000377898 -0.000447015 0.000377898 0.004398642</inertia>
        </Mass>
    </Body>

    <Joint name="RHP" type="hinge">
        <Body>rightHipPitchRoll</Body>
        <Body>rightKneeUpper</Body>
        <offsetfrom>rightKneeUpper</offsetfrom>
        <anchor>-0.019867805 0.058794402 0.188774904</anchor>
        <axis>0 1 0</axis>
        <limitsdeg>-90 90</limitsdeg>
        <maxvel>1</maxvel>
    </Joint>

    <Body name="rightHip" type="dynamic">
        <offsetfrom>rightHipPitchRoll</offsetfrom>
        <Translation>-0.013849443 0.010901509 0.011973269</Translation>
        <Translation>0 0 0.0910</Translation>
        <Translation>0.006789681 -0.000063656 -0.053769264</Translation>

        <Geom type="trimesh">
            <Translation>-0.006789681 0.000063656 0.053769264</Translation>
            <Render>Body_RHY.wrl 1</Render>
            <Data>Body_RHY.wrl 1</Data>
        </Geom>

        <Mass type="custom">
            <total>0.483118742</total>
            <inertia>0.000863427 -0.000001238 0.000042545 -0.000001238 0.002029641 -0.000000627 0.000042545 -0.000000627 0.001473105</inertia>
        </Mass>
    </Body>

    <Joint name="RHR" type="hinge">
        <Body>rightHip</Body>
        <Body>rightHipPitchRoll</Body>
        <offsetfrom>rightHipPitchRoll</offsetfrom>
        <anchor>-0.013849443 0.010901509 0.011973269</anchor>
        <axis>1 0 0</axis>
        <limitsdeg>-90 30</limitsdeg>
        <maxvel>1</maxvel>
    </Joint>

    <Body name="Hip" type="dynamic">
        <offsetfrom>rightHip</offsetfrom>
        <Translation>-0.006789681 0.000063656 0.053769264</Translation>
        <Translation>0 0.0885 0.277953</Translation>
        <Translation>0 0 -0.1915</Translation>
        <Translation>-0.011804276 -0.000018681 -0.044394816</Translation>
    </Body>

    <Joint name="RHY" type="hinge">
        <Body>Hip</Body>
        <Body>rightHip</Body>
        <offsetfrom>rightHip</offsetfrom>
        <anchor>-0.006789681 0.000063656 0.053769264</anchor>
        <axis>0 0 1</axis>
        <limitsdeg>-90 50</limitsdeg>
        <maxvel>1</maxvel>
    </Joint>

</KinBody>
